0.01666666666666672
0.0
0.046258538085542256, -0.5211827995531007, 1.0030446153124941, 0.4641297849669344
-1.4528444969775751
13, 31, 78
0.36763990484178066, 4.5752622447907925, -1.4035241455421783, 3.72430107742548
-13.771682927326362
41, 44, 45, 46, 47, 50, 54, 55, 56, 57, 58, 59, 62, 64, 65, 66, 67, 69, 70, 71, 72, 73, 75, 76, 77, 78, 79, 1, 2, 3, 15, 20, 28, 31, 32, 35, 81, 84, 86, 88, 89, 92, 93, 95, 96, 97, 100, 103, 104, 107, 112, 113, 116, 117, 119
4.202064068289474, 7.176284284098074, -8.749839026480913, -14.32535030588042
20.255859171293952
96, 99, 103, 108, 50, 52, 57, 63
