C:0.1
0.125
0.23333333333333328
0.1470921538569827, -0.3508769716586304, 0.7189940004257296, 0.3420055299780925
-1.8921299070140811
10, 13, 14, 15, 31, 34, 40, 44, 59, 73, 78
0.0, 0.0, 0.0, 0.0, 0.0, 0.0, 0.0, 0.0, 0.0, 0.0, 0.0, 0.0, 0.0, 0.093, 0.055, 0.009, 0.0, 0.0, 0.0, 0.0, 0.0, 0.0, 0.0, 0.0, 0.0, 0.0, 0.0, 0.0, 0.0, 0.0, 0.0, 0.0, 0.0, 0.0, 0.028, 0.0, 0.0, 0.0, 0.0, 0.0, 0.0, 0.0, 0.0, 0.0, 0.053, 0.0, 0.0, 0.0, 0.0, 0.0, 0.0, 0.0, 0.0, 0.0, 0.0, 0.0, 0.0, 0.0, 0.0, 0.108, 0.0, 0.0, 0.0, 0.0, 0.0, 0.0, 0.0, 0.0, 0.0, 0.0, 0.0, 0.0, 0.0, 0.249, 0.0, 0.0, 0.0, 0.0, 0.486, 0.0, 0.0, 0.0, 0.0, 0.0, 0.0, 0.0, 0.0, 0.0, 0.0, 0.0, 0.0, 0.0, 0.0, 0.0, 0.0, 0.0, 0.0, 0.0, 0.0, 0.0, 0.0, 0.0, 0.0, 0.0, 0.0, 0.0, 0.0, 0.0, 0.0, 0.0, 0.0, 0.0, 0.0, 0.0, 0.0, 0.0, 0.0, 0.0, 0.0, 0.0
0.15567372696595405, 0.585647636428223, -0.18909300053281242, 0.26784990875184667
-1.4327282945088773
2, 3, 14, 15, 19, 20, 24, 27, 28, 31, 32, 35, 37, 40, 41, 42, 43, 44, 45, 46, 47, 48, 49, 50, 51, 52, 53, 54, 55, 56, 57, 58, 59, 60, 61, 62, 63, 64, 65, 66, 67, 68, 69, 70, 71, 72, 73, 74, 75, 76, 77, 78, 79, 81, 82, 83, 84, 86, 88, 89, 91, 92, 93, 95, 96, 97, 98, 99, 100, 102, 103, 104, 105, 107, 108, 109, 112, 115, 116, 117, 119
0.0, 0.0, 0.166, 0.188, 0.0, 0.0, 0.0, 0.0, 0.0, 0.0, 0.0, 0.0, 0.0, 0.0, 0.0, 0.146, 0.0, 0.0, 0.0, 0.076, 0.119, 0.0, 0.0, 0.0, 0.111, 0.0, 0.0, 0.111, 0.183, 0.0, 0.0, 0.551, 0.066, 0.0, 0.0, 0.113, 0.0, 0.054, 0.0, 0.0, 1.123, 1.85, 1.301, 1.702, 1.805, 1.969, 1.747, 1.544, 1.372, 1.46, 1.934, 1.749, 1.487, 1.589, 1.797, 1.895, 1.733, 1.877, 1.751, 1.583, 1.405, 1.397, 1.635, 1.547, 1.716, 2.07, 1.939, 1.411, 1.769, 1.479, 1.436, 1.779, 1.558, 1.336, 1.574, 1.739, 1.707, 1.766, 1.553, 1.667, 0.0, 0.348, 0.095, 0.491, 0.212, 0.0, 0.222, 0.0, 0.4, 0.754, 0.0, 0.312, 0.325, 0.315, 0.0, 0.09, 0.253, 0.171, 0.293, 0.223, 0.285, 0.0, 0.266, 0.375, 0.644, 0.015, 0.0, 0.179, 0.167, 0.002, 0.0, 0.0, 0.404, 0.0, 0.0, 0.0, 0.424, 0.111, 0.0, 0.24
-0.09194028495244089, 0.08716418394555592, -1.1056716321088866, -0.8991044688979968
7.2229261139718295
41, 43, 45, 46, 48, 50, 52, 53, 54, 55, 56, 57, 58, 63, 64, 65, 66, 67, 70, 71, 77, 80, 81, 83, 84, 86, 89, 91, 93, 96, 97, 103, 104, 107, 108, 109, 111, 112, 115, 116, 117, 119
0.0, 0.0, 0.0, 0.0, 0.0, 0.0, 0.0, 0.0, 0.0, 0.0, 0.0, 0.0, 0.0, 0.0, 0.0, 0.0, 0.0, 0.0, 0.0, 0.0, 0.0, 0.0, 0.0, 0.0, 0.0, 0.0, 0.0, 0.0, 0.0, 0.0, 0.0, 0.0, 0.0, 0.0, 0.0, 0.0, 0.0, 0.0, 0.0, 0.0, 0.0, 0.051, 0.0, 0.541, 0.0, 0.247, 0.355, 0.0, 0.48, 0.0, 0.966, 0.0, 0.905, 0.369, 0.036, 0.246, 0.724, 1.188, 0.4, 0.0, 0.0, 0.0, 0.0, 1.171, 0.336, 0.446, 0.668, 0.19, 0.0, 0.0, 0.0, 0.421, 0.0, 0.0, 0.0, 0.0, 0.0, 0.018, 0.0, 0.0, 0.467, 0.301, 0.0, 0.59, 0.137, 0.0, 0.187, 0.0, 0.0, 0.986, 0.0, 0.736, 0.0, 0.843, 0.0, 0.0, 0.971, 0.887, 0.0, 0.0, 0.0, 0.0, 0.0, 0.9, 0.438, 0.0, 0.0, 0.205, 1.007, 0.0, 0.0, 0.152, 0.578, 0.0, 0.0, 0.051, 0.625, 0.339, 0.0, 0.685


C:0.2
0.05833333333333335
0.16666666666666663
0.15469538060468513, -0.3915752519694863, 0.7651819374495732, 0.3543591751898917
-1.8964214397668673
13, 14, 31, 34, 59, 73, 78
0.0, 0.0, 0.0, 0.0, 0.0, 0.0, 0.0, 0.0, 0.0, 0.0, 0.0, 0.0, 0.0, 0.078, 0.039, 0.0, 0.0, 0.0, 0.0, 0.0, 0.0, 0.0, 0.0, 0.0, 0.0, 0.0, 0.0, 0.0, 0.0, 0.0, 0.0, 0.0, 0.0, 0.0, 0.0, 0.0, 0.0, 0.0, 0.0, 0.0, 0.0, 0.0, 0.0, 0.0, 0.0, 0.0, 0.0, 0.0, 0.0, 0.0, 0.0, 0.0, 0.0, 0.0, 0.0, 0.0, 0.0, 0.0, 0.0, 0.0, 0.0, 0.0, 0.0, 0.0, 0.0, 0.0, 0.0, 0.0, 0.0, 0.0, 0.0, 0.0, 0.0, 0.144, 0.0, 0.0, 0.0, 0.0, 0.401, 0.0, 0.0, 0.0, 0.0, 0.0, 0.0, 0.0, 0.0, 0.0, 0.0, 0.0, 0.0, 0.0, 0.0, 0.0, 0.0, 0.0, 0.0, 0.0, 0.0, 0.0, 0.0, 0.0, 0.0, 0.0, 0.0, 0.0, 0.0, 0.0, 0.0, 0.0, 0.0, 0.0, 0.0, 0.0, 0.0, 0.0, 0.0, 0.0, 0.0, 0.0
0.3113474542697223, 1.1712952727853279, -0.3781860004788844, 0.5356998178770729
-3.8654565932822953
2, 3, 14, 15, 19, 20, 24, 27, 28, 31, 32, 35, 37, 40, 41, 42, 43, 44, 45, 46, 47, 48, 49, 50, 51, 52, 53, 54, 55, 56, 57, 58, 59, 60, 61, 62, 63, 64, 65, 66, 67, 68, 69, 70, 71, 72, 73, 74, 75, 76, 77, 78, 79, 81, 82, 83, 84, 86, 88, 89, 91, 92, 93, 95, 96, 97, 98, 99, 100, 102, 103, 104, 105, 107, 108, 109, 112, 115, 116, 117, 119
0.0, 0.0, 0.333, 0.375, 0.0, 0.0, 0.0, 0.0, 0.0, 0.0, 0.0, 0.0, 0.0, 0.0, 0.0, 0.293, 0.0, 0.0, 0.0, 0.152, 0.238, 0.0, 0.0, 0.0, 0.223, 0.0, 0.0, 0.223, 0.366, 0.0, 0.0, 1.101, 0.132, 0.0, 0.0, 0.226, 0.0, 0.107, 0.0, 0.0, 0.246, 1.701, 0.602, 1.403, 1.61, 1.938, 1.494, 1.088, 0.743, 0.921, 1.869, 1.497, 0.975, 1.179, 1.594, 1.789, 1.466, 1.754, 1.501, 1.167, 0.81, 0.794, 1.271, 1.093, 1.431, 2.14, 1.878, 0.822, 1.538, 0.959, 0.871, 1.558, 1.116, 0.673, 1.149, 1.478, 1.414, 1.532, 1.105, 1.335, 0.0, 0.697, 0.189, 0.982, 0.423, 0.0, 0.444, 0.0, 0.8, 1.508, 0.0, 0.624, 0.651, 0.63, 0.0, 0.18, 0.507, 0.341, 0.586, 0.446, 0.571, 0.0, 0.533, 0.75, 1.289, 0.029, 0.0, 0.358, 0.335, 0.003, 0.0, 0.0, 0.808, 0.0, 0.0, 0.0, 0.849, 0.223, 0.0, 0.479
0.07164491211993917, 0.24000000000000066, -1.3760313444397705, -1.162193216159916
7.4575903494724525
43, 45, 46, 48, 50, 52, 53, 55, 56, 57, 58, 63, 64, 65, 66, 67, 71, 80, 81, 83, 89, 91, 93, 96, 97, 103, 104, 107, 108, 111, 112, 116, 117, 119
0.0, 0.0, 0.0, 0.0, 0.0, 0.0, 0.0, 0.0, 0.0, 0.0, 0.0, 0.0, 0.0, 0.0, 0.0, 0.0, 0.0, 0.0, 0.0, 0.0, 0.0, 0.0, 0.0, 0.0, 0.0, 0.0, 0.0, 0.0, 0.0, 0.0, 0.0, 0.0, 0.0, 0.0, 0.0, 0.0, 0.0, 0.0, 0.0, 0.0, 0.0, 0.0, 0.0, 0.504, 0.0, 0.0, 0.357, 0.0, 0.506, 0.0, 1.049, 0.0, 0.977, 0.295, 0.0, 0.031, 0.615, 1.198, 0.352, 0.0, 0.0, 0.0, 0.0, 1.342, 0.371, 0.348, 0.529, 0.104, 0.0, 0.0, 0.0, 0.342, 0.0, 0.0, 0.0, 0.0, 0.0, 0.0, 0.0, 0.0, 0.349, 0.063, 0.0, 0.261, 0.0, 0.0, 0.0, 0.0, 0.0, 0.792, 0.0, 0.464, 0.0, 0.722, 0.0, 0.0, 0.877, 0.78, 0.0, 0.0, 0.0, 0.0, 0.0, 0.82, 0.186, 0.0, 0.0, 0.0, 0.911, 0.0, 0.0, 0.005, 0.295, 0.0, 0.0, 0.0, 0.421, 0.164, 0.0, 0.491


C:0.3
0.050000000000000044
0.1333333333333333
0.08461491940959287, -0.4452659076269341, 0.8404228999803351, 0.39549567986979883
-1.5679529570533253
13, 14, 31, 73, 78
0.0, 0.0, 0.0, 0.0, 0.0, 0.0, 0.0, 0.0, 0.0, 0.0, 0.0, 0.0, 0.0, 0.021, 0.0, 0.0, 0.0, 0.0, 0.0, 0.0, 0.0, 0.0, 0.0, 0.0, 0.0, 0.0, 0.0, 0.0, 0.0, 0.0, 0.0, 0.0, 0.0, 0.0, 0.0, 0.0, 0.0, 0.0, 0.0, 0.0, 0.0, 0.0, 0.0, 0.0, 0.0, 0.0, 0.0, 0.0, 0.0, 0.0, 0.0, 0.0, 0.0, 0.0, 0.0, 0.0, 0.0, 0.0, 0.0, 0.0, 0.0, 0.0, 0.0, 0.0, 0.0, 0.0, 0.0, 0.0, 0.0, 0.0, 0.0, 0.0, 0.0, 0.0, 0.0, 0.0, 0.0, 0.0, 0.293, 0.0, 0.0, 0.0, 0.0, 0.0, 0.0, 0.0, 0.0, 0.0, 0.0, 0.0, 0.0, 0.0, 0.0, 0.0, 0.0, 0.0, 0.0, 0.0, 0.0, 0.0, 0.0, 0.0, 0.0, 0.0, 0.0, 0.0, 0.0, 0.0, 0.0, 0.0, 0.0, 0.0, 0.0, 0.0, 0.0, 0.0, 0.0, 0.0, 0.0, 0.0
0.2786649158016874, 1.4100000000000001, -0.4881853994965404, 0.7541801469016138
-4.261237518185576
2, 3, 15, 19, 20, 24, 27, 28, 31, 32, 35, 37, 41, 42, 43, 44, 45, 46, 47, 48, 49, 50, 51, 52, 53, 54, 55, 56, 57, 58, 59, 60, 61, 62, 63, 64, 65, 66, 67, 68, 69, 70, 71, 72, 73, 74, 75, 76, 77, 78, 79, 81, 82, 83, 84, 86, 88, 89, 91, 92, 93, 95, 96, 97, 98, 99, 100, 102, 103, 104, 105, 107, 108, 109, 112, 113, 116, 117, 119
0.0, 0.0, 0.302, 0.295, 0.0, 0.0, 0.0, 0.0, 0.0, 0.0, 0.0, 0.0, 0.0, 0.0, 0.0, 0.268, 0.0, 0.0, 0.0, 0.07, 0.183, 0.0, 0.0, 0.0, 0.182, 0.0, 0.0, 0.182, 0.289, 0.0, 0.0, 1.173, 0.007, 0.0, 0.0, 0.151, 0.0, 0.0, 0.0, 0.0, 0.0, 1.694, 0.314, 1.289, 1.611, 1.885, 1.464, 0.915, 0.503, 0.75, 1.909, 1.414, 0.759, 0.997, 1.492, 1.716, 1.294, 1.677, 1.434, 1.039, 0.63, 0.603, 1.163, 0.935, 1.408, 2.215, 1.814, 0.57, 1.508, 0.824, 0.694, 1.479, 0.973, 0.518, 1.036, 1.412, 1.346, 1.437, 1.05, 1.254, 0.0, 0.825, 0.238, 1.08, 0.377, 0.0, 0.547, 0.0, 1.083, 1.797, 0.0, 0.636, 0.93, 0.733, 0.0, 0.314, 0.571, 0.366, 0.68, 0.65, 0.796, 0.0, 0.604, 0.916, 1.573, 0.129, 0.0, 0.434, 0.345, 0.02, 0.0, 0.0, 0.895, 0.0, 0.0, 0.0, 0.989, 0.25, 0.0, 0.519
0.1285659888080979, 0.4222627744205363, -1.5262845693619558, -1.34685598597068
7.685498607330319
43, 46, 48, 50, 52, 53, 56, 57, 58, 63, 64, 65, 66, 67, 71, 80, 81, 83, 89, 91, 93, 96, 97, 103, 104, 108, 111, 112, 116, 117, 119
0.0, 0.0, 0.0, 0.0, 0.0, 0.0, 0.0, 0.0, 0.0, 0.0, 0.0, 0.0, 0.0, 0.0, 0.0, 0.0, 0.0, 0.0, 0.0, 0.0, 0.0, 0.0, 0.0, 0.0, 0.0, 0.0, 0.0, 0.0, 0.0, 0.0, 0.0, 0.0, 0.0, 0.0, 0.0, 0.0, 0.0, 0.0, 0.0, 0.0, 0.0, 0.0, 0.0, 0.365, 0.0, 0.0, 0.216, 0.0, 0.477, 0.0, 0.955, 0.0, 0.948, 0.138, 0.0, 0.0, 0.47, 1.107, 0.207, 0.0, 0.0, 0.0, 0.0, 1.342, 0.242, 0.131, 0.338, 0.0, 0.0, 0.0, 0.0, 0.17, 0.0, 0.0, 0.0, 0.0, 0.0, 0.0, 0.0, 0.0, 0.395, 0.0, 0.0, 0.149, 0.0, 0.0, 0.0, 0.0, 0.0, 0.734, 0.0, 0.415, 0.0, 0.732, 0.0, 0.0, 0.914, 0.833, 0.0, 0.0, 0.0, 0.0, 0.0, 0.873, 0.135, 0.0, 0.0, 0.0, 0.973, 0.0, 0.0, 0.0, 0.228, 0.0, 0.0, 0.0, 0.361, 0.158, 0.0, 0.502


C:0.4
0.050000000000000044
0.09999999999999998
0.06496522369062419, -0.44387644425606654, 0.8474298643567157, 0.38951108681519653
-1.4901841106470162
13, 14, 31, 73, 78
0.0, 0.0, 0.0, 0.0, 0.0, 0.0, 0.0, 0.0, 0.0, 0.0, 0.0, 0.0, 0.0, 0.012, 0.0, 0.0, 0.0, 0.0, 0.0, 0.0, 0.0, 0.0, 0.0, 0.0, 0.0, 0.0, 0.0, 0.0, 0.0, 0.0, 0.0, 0.0, 0.0, 0.0, 0.0, 0.0, 0.0, 0.0, 0.0, 0.0, 0.0, 0.0, 0.0, 0.0, 0.0, 0.0, 0.0, 0.0, 0.0, 0.0, 0.0, 0.0, 0.0, 0.0, 0.0, 0.0, 0.0, 0.0, 0.0, 0.0, 0.0, 0.0, 0.0, 0.0, 0.0, 0.0, 0.0, 0.0, 0.0, 0.0, 0.0, 0.0, 0.0, 0.0, 0.0, 0.0, 0.0, 0.0, 0.298, 0.0, 0.0, 0.0, 0.0, 0.0, 0.0, 0.0, 0.0, 0.0, 0.0, 0.0, 0.0, 0.0, 0.0, 0.0, 0.0, 0.0, 0.0, 0.0, 0.0, 0.0, 0.0, 0.0, 0.0, 0.0, 0.0, 0.0, 0.0, 0.0, 0.0, 0.0, 0.0, 0.0, 0.0, 0.0, 0.0, 0.0, 0.0, 0.0, 0.0, 0.0
0.39022770832434084, 1.6675557075532002, -0.6225090461746419, 0.9259306061777282
-5.44522998121226
2, 3, 15, 19, 20, 24, 27, 28, 31, 32, 35, 37, 41, 42, 43, 44, 45, 46, 47, 48, 49, 50, 51, 52, 53, 54, 55, 56, 57, 58, 59, 60, 61, 62, 63, 64, 65, 66, 67, 68, 69, 70, 71, 72, 73, 74, 75, 76, 77, 78, 79, 81, 82, 83, 84, 86, 88, 89, 91, 92, 93, 95, 96, 97, 98, 99, 100, 102, 103, 104, 105, 107, 108, 109, 112, 116, 117, 119
0.0, 0.0, 0.348, 0.357, 0.0, 0.0, 0.0, 0.0, 0.0, 0.0, 0.0, 0.0, 0.0, 0.0, 0.0, 0.302, 0.0, 0.0, 0.0, 0.086, 0.214, 0.0, 0.0, 0.0, 0.205, 0.0, 0.0, 0.205, 0.35, 0.0, 0.0, 1.385, 0.016, 0.0, 0.0, 0.163, 0.0, 0.0, 0.0, 0.0, 0.0, 1.634, 0.001, 1.142, 1.539, 1.896, 1.33, 0.694, 0.23, 0.5, 1.872, 1.318, 0.521, 0.79, 1.415, 1.69, 1.186, 1.633, 1.32, 0.862, 0.356, 0.326, 1.004, 0.705, 1.252, 2.246, 1.802, 0.313, 1.394, 0.584, 0.409, 1.371, 0.775, 0.213, 0.832, 1.278, 1.204, 1.337, 0.865, 1.1, 0.0, 0.985, 0.268, 1.313, 0.465, 0.0, 0.663, 0.0, 1.271, 2.159, 0.0, 0.789, 1.09, 0.868, 0.0, 0.368, 0.678, 0.446, 0.82, 0.762, 0.926, 0.0, 0.728, 1.104, 1.919, 0.105, 0.0, 0.535, 0.423, 0.0, 0.0, 0.0, 1.095, 0.0, 0.0, 0.0, 1.171, 0.291, 0.0, 0.648
0.18099763012737569, 0.4878501038299783, -1.7642255687279977, -1.5622479181426927
8.694191087883427
43, 46, 48, 50, 52, 53, 56, 57, 58, 63, 64, 65, 66, 71, 80, 83, 89, 91, 93, 96, 97, 103, 104, 108, 112, 116, 117, 119
0.0, 0.0, 0.0, 0.0, 0.0, 0.0, 0.0, 0.0, 0.0, 0.0, 0.0, 0.0, 0.0, 0.0, 0.0, 0.0, 0.0, 0.0, 0.0, 0.0, 0.0, 0.0, 0.0, 0.0, 0.0, 0.0, 0.0, 0.0, 0.0, 0.0, 0.0, 0.0, 0.0, 0.0, 0.0, 0.0, 0.0, 0.0, 0.0, 0.0, 0.0, 0.0, 0.0, 0.266, 0.0, 0.0, 0.111, 0.0, 0.393, 0.0, 0.957, 0.0, 0.934, 0.002, 0.0, 0.0, 0.364, 1.107, 0.087, 0.0, 0.0, 0.0, 0.0, 1.4, 0.147, 0.0, 0.216, 0.0, 0.0, 0.0, 0.0, 0.041, 0.0, 0.0, 0.0, 0.0, 0.0, 0.0, 0.0, 0.0, 0.31, 0.0, 0.0, 0.0, 0.0, 0.0, 0.0, 0.0, 0.0, 0.689, 0.0, 0.305, 0.0, 0.695, 0.0, 0.0, 0.902, 0.805, 0.0, 0.0, 0.0, 0.0, 0.0, 0.86, 0.0, 0.0, 0.0, 0.0, 0.963, 0.0, 0.0, 0.0, 0.095, 0.0, 0.0, 0.0, 0.265, 0.036, 0.0, 0.416


C:0.5
0.050000000000000044
0.09999999999999998
0.045039636777182146, -0.44386064770472555, 0.8540825367658524, 0.38378961585756205
-1.4068009998011384
13, 14, 31, 73, 78
0.0, 0.0, 0.0, 0.0, 0.0, 0.0, 0.0, 0.0, 0.0, 0.0, 0.0, 0.0, 0.0, 0.002, 0.0, 0.0, 0.0, 0.0, 0.0, 0.0, 0.0, 0.0, 0.0, 0.0, 0.0, 0.0, 0.0, 0.0, 0.0, 0.0, 0.0, 0.0, 0.0, 0.0, 0.0, 0.0, 0.0, 0.0, 0.0, 0.0, 0.0, 0.0, 0.0, 0.0, 0.0, 0.0, 0.0, 0.0, 0.0, 0.0, 0.0, 0.0, 0.0, 0.0, 0.0, 0.0, 0.0, 0.0, 0.0, 0.0, 0.0, 0.0, 0.0, 0.0, 0.0, 0.0, 0.0, 0.0, 0.0, 0.0, 0.0, 0.0, 0.0, 0.0, 0.0, 0.0, 0.0, 0.0, 0.302, 0.0, 0.0, 0.0, 0.0, 0.0, 0.0, 0.0, 0.0, 0.0, 0.0, 0.0, 0.0, 0.0, 0.0, 0.0, 0.0, 0.0, 0.0, 0.0, 0.0, 0.0, 0.0, 0.0, 0.0, 0.0, 0.0, 0.0, 0.0, 0.0, 0.0, 0.0, 0.0, 0.0, 0.0, 0.0, 0.0, 0.0, 0.0, 0.0, 0.0, 0.0
0.4375265789455467, 1.8600347180732766, -0.7181324680187569, 1.0804996040305275
-6.175865751494444
2, 3, 15, 19, 20, 24, 27, 28, 31, 32, 35, 37, 41, 43, 44, 45, 46, 47, 48, 49, 50, 51, 52, 53, 54, 55, 56, 57, 58, 59, 60, 61, 62, 63, 64, 65, 66, 67, 68, 69, 70, 71, 72, 73, 74, 75, 76, 77, 78, 79, 81, 82, 83, 84, 86, 88, 89, 91, 92, 93, 95, 96, 97, 98, 99, 100, 102, 103, 104, 105, 107, 108, 109, 112, 113, 116, 117, 119
0.0, 0.0, 0.393, 0.396, 0.0, 0.0, 0.0, 0.0, 0.0, 0.0, 0.0, 0.0, 0.0, 0.0, 0.0, 0.341, 0.0, 0.0, 0.0, 0.1, 0.243, 0.0, 0.0, 0.0, 0.235, 0.0, 0.0, 0.235, 0.388, 0.0, 0.0, 1.538, 0.016, 0.0, 0.0, 0.177, 0.0, 0.0, 0.0, 0.0, 0.0, 1.59, 0.0, 1.025, 1.488, 1.875, 1.244, 0.52, 0.018, 0.312, 1.856, 1.233, 0.333, 0.623, 1.335, 1.645, 1.073, 1.582, 1.233, 0.721, 0.154, 0.118, 0.88, 0.538, 1.156, 2.271, 1.767, 0.103, 1.315, 0.413, 0.203, 1.282, 0.622, 0.001, 0.685, 1.179, 1.101, 1.248, 0.74, 0.986, 0.0, 1.107, 0.301, 1.462, 0.499, 0.0, 0.757, 0.0, 1.441, 2.429, 0.0, 0.875, 1.249, 0.971, 0.0, 0.437, 0.757, 0.501, 0.92, 0.882, 1.058, 0.0, 0.812, 1.253, 2.18, 0.122, 0.0, 0.614, 0.473, 0.0, 0.0, 0.0, 1.226, 0.0, 0.0, 0.0, 1.307, 0.325, 0.0, 0.732
0.2028313324006099, 0.4377310066235278, -1.8160308980311672, -1.637736461423507
9.08723899448272
43, 46, 48, 50, 52, 56, 57, 58, 63, 64, 65, 66, 71, 80, 89, 91, 93, 96, 97, 103, 104, 108, 112, 116, 117, 119
0.0, 0.0, 0.0, 0.0, 0.0, 0.0, 0.0, 0.0, 0.0, 0.0, 0.0, 0.0, 0.0, 0.0, 0.0, 0.0, 0.0, 0.0, 0.0, 0.0, 0.0, 0.0, 0.0, 0.0, 0.0, 0.0, 0.0, 0.0, 0.0, 0.0, 0.0, 0.0, 0.0, 0.0, 0.0, 0.0, 0.0, 0.0, 0.0, 0.0, 0.0, 0.0, 0.0, 0.234, 0.0, 0.0, 0.092, 0.0, 0.321, 0.0, 0.98, 0.0, 0.896, 0.0, 0.0, 0.0, 0.318, 1.105, 0.055, 0.0, 0.0, 0.0, 0.0, 1.396, 0.133, 0.0, 0.189, 0.0, 0.0, 0.0, 0.0, 0.009, 0.0, 0.0, 0.0, 0.0, 0.0, 0.0, 0.0, 0.0, 0.269, 0.0, 0.0, 0.0, 0.0, 0.0, 0.0, 0.0, 0.0, 0.73, 0.0, 0.275, 0.0, 0.7, 0.0, 0.0, 0.906, 0.791, 0.0, 0.0, 0.0, 0.0, 0.0, 0.872, 0.0, 0.0, 0.0, 0.0, 0.953, 0.0, 0.0, 0.0, 0.072, 0.0, 0.0, 0.0, 0.268, 0.0, 0.0, 0.387


C:0.6
0.050000000000000044
0.09999999999999998
0.03774433237750596, -0.44182185237247373, 0.8546210342549706, 0.38840805084689134
-1.3813066085567272
13, 31, 73, 78
0.0, 0.0, 0.0, 0.0, 0.0, 0.0, 0.0, 0.0, 0.0, 0.0, 0.0, 0.0, 0.0, 0.0, 0.0, 0.0, 0.0, 0.0, 0.0, 0.0, 0.0, 0.0, 0.0, 0.0, 0.0, 0.0, 0.0, 0.0, 0.0, 0.0, 0.0, 0.0, 0.0, 0.0, 0.0, 0.0, 0.0, 0.0, 0.0, 0.0, 0.0, 0.0, 0.0, 0.0, 0.0, 0.0, 0.0, 0.0, 0.0, 0.0, 0.0, 0.0, 0.0, 0.0, 0.0, 0.0, 0.0, 0.0, 0.0, 0.0, 0.0, 0.0, 0.0, 0.0, 0.0, 0.0, 0.0, 0.0, 0.0, 0.0, 0.0, 0.0, 0.0, 0.0, 0.0, 0.0, 0.0, 0.0, 0.302, 0.0, 0.0, 0.0, 0.0, 0.0, 0.0, 0.0, 0.0, 0.0, 0.0, 0.0, 0.0, 0.0, 0.0, 0.0, 0.0, 0.0, 0.0, 0.0, 0.0, 0.0, 0.0, 0.0, 0.0, 0.0, 0.0, 0.0, 0.0, 0.0, 0.0, 0.0, 0.0, 0.0, 0.0, 0.0, 0.0, 0.0, 0.0, 0.0, 0.0, 0.0
0.42456885481964424, 1.849631544414108, -0.799804456288455, 1.26908710450691
-6.006154221651782
2, 3, 15, 19, 20, 24, 27, 28, 31, 32, 35, 37, 41, 43, 44, 45, 46, 47, 48, 49, 50, 51, 52, 53, 54, 55, 56, 57, 58, 59, 60, 61, 62, 63, 64, 65, 66, 67, 68, 69, 70, 71, 72, 73, 74, 75, 76, 77, 78, 79, 81, 82, 83, 84, 86, 88, 89, 91, 92, 93, 95, 96, 97, 98, 99, 100, 102, 103, 104, 105, 107, 108, 112, 113, 116, 117, 119
0.0, 0.0, 0.412, 0.384, 0.0, 0.0, 0.0, 0.0, 0.0, 0.0, 0.0, 0.0, 0.0, 0.0, 0.0, 0.36, 0.0, 0.0, 0.0, 0.118, 0.26, 0.0, 0.0, 0.0, 0.265, 0.0, 0.0, 0.265, 0.375, 0.0, 0.0, 1.5, 0.005, 0.0, 0.0, 0.158, 0.0, 0.0, 0.0, 0.0, 0.0, 1.592, 0.0, 0.965, 1.506, 1.83, 1.225, 0.44, 0.0, 0.272, 1.863, 1.213, 0.277, 0.527, 1.286, 1.602, 0.998, 1.546, 1.21, 0.693, 0.125, 0.078, 0.854, 0.487, 1.14, 2.261, 1.717, 0.053, 1.291, 0.404, 0.142, 1.23, 0.589, 0.001, 0.656, 1.127, 1.068, 1.201, 0.78, 0.963, 0.0, 1.123, 0.304, 1.423, 0.398, 0.0, 0.812, 0.0, 1.528, 2.485, 0.0, 0.83, 1.379, 0.972, 0.0, 0.545, 0.75, 0.502, 0.924, 1.009, 1.153, 0.0, 0.797, 1.328, 2.309, 0.148, 0.0, 0.67, 0.465, 0.0, 0.0, 0.0, 1.217, 0.0, 0.0, 0.0, 1.295, 0.318, 0.0, 0.747
0.30926367655619735, 0.4623463409510822, -1.8246086101028536, -1.7301855847229537
8.551204539397986
43, 46, 48, 50, 52, 56, 57, 58, 63, 64, 65, 66, 80, 89, 91, 93, 96, 97, 103, 104, 108, 112, 116, 117, 119
0.0, 0.0, 0.0, 0.0, 0.0, 0.0, 0.0, 0.0, 0.0, 0.0, 0.0, 0.0, 0.0, 0.0, 0.0, 0.0, 0.0, 0.0, 0.0, 0.0, 0.0, 0.0, 0.0, 0.0, 0.0, 0.0, 0.0, 0.0, 0.0, 0.0, 0.0, 0.0, 0.0, 0.0, 0.0, 0.0, 0.0, 0.0, 0.0, 0.0, 0.0, 0.0, 0.0, 0.219, 0.0, 0.0, 0.136, 0.0, 0.32, 0.0, 1.017, 0.0, 0.88, 0.0, 0.0, 0.0, 0.232, 1.054, 0.058, 0.0, 0.0, 0.0, 0.0, 1.419, 0.198, 0.0, 0.114, 0.0, 0.0, 0.0, 0.0, 0.0, 0.0, 0.0, 0.0, 0.0, 0.0, 0.0, 0.0, 0.0, 0.275, 0.0, 0.0, 0.0, 0.0, 0.0, 0.0, 0.0, 0.0, 0.706, 0.0, 0.177, 0.0, 0.693, 0.0, 0.0, 0.891, 0.77, 0.0, 0.0, 0.0, 0.0, 0.0, 0.893, 0.0, 0.0, 0.0, 0.0, 0.921, 0.0, 0.0, 0.0, 0.0, 0.0, 0.0, 0.0, 0.245, 0.0, 0.0, 0.343


C:0.7
0.050000000000000044
0.09999999999999998
0.04307694649045235, -0.4882050891825793, 0.9387179643269679, 0.43435898216348406
-1.4216148755325029
13, 31, 78
0.0, 0.0, 0.0, 0.0, 0.0, 0.0, 0.0, 0.0, 0.0, 0.0, 0.0, 0.0, 0.0, 0.0, 0.0, 0.0, 0.0, 0.0, 0.0, 0.0, 0.0, 0.0, 0.0, 0.0, 0.0, 0.0, 0.0, 0.0, 0.0, 0.0, 0.0, 0.0, 0.0, 0.0, 0.0, 0.0, 0.0, 0.0, 0.0, 0.0, 0.0, 0.0, 0.0, 0.0, 0.0, 0.0, 0.0, 0.0, 0.0, 0.0, 0.0, 0.0, 0.0, 0.0, 0.0, 0.0, 0.0, 0.0, 0.0, 0.0, 0.0, 0.0, 0.0, 0.0, 0.0, 0.0, 0.0, 0.0, 0.0, 0.0, 0.0, 0.0, 0.0, 0.0, 0.0, 0.0, 0.0, 0.0, 0.128, 0.0, 0.0, 0.0, 0.0, 0.0, 0.0, 0.0, 0.0, 0.0, 0.0, 0.0, 0.0, 0.0, 0.0, 0.0, 0.0, 0.0, 0.0, 0.0, 0.0, 0.0, 0.0, 0.0, 0.0, 0.0, 0.0, 0.0, 0.0, 0.0, 0.0, 0.0, 0.0, 0.0, 0.0, 0.0, 0.0, 0.0, 0.0, 0.0, 0.0, 0.0
0.3922955465223117, 1.9213102559901003, -0.8458802157474867, 1.4742822669815159
-6.063607780584579
2, 3, 15, 19, 20, 24, 27, 28, 31, 35, 37, 41, 43, 44, 45, 46, 47, 48, 49, 50, 51, 52, 53, 54, 55, 56, 57, 58, 59, 60, 61, 62, 63, 64, 65, 66, 67, 68, 69, 70, 71, 72, 73, 74, 75, 76, 77, 78, 79, 81, 82, 83, 84, 86, 88, 89, 91, 92, 93, 95, 96, 97, 98, 99, 100, 102, 103, 104, 105, 107, 108, 112, 116, 117, 119
0.0, 0.0, 0.453, 0.396, 0.0, 0.0, 0.0, 0.0, 0.0, 0.0, 0.0, 0.0, 0.0, 0.0, 0.0, 0.397, 0.0, 0.0, 0.0, 0.13, 0.283, 0.0, 0.0, 0.0, 0.307, 0.0, 0.0, 0.307, 0.378, 0.0, 0.0, 1.537, 0.0, 0.0, 0.0, 0.159, 0.0, 0.0, 0.0, 0.0, 0.0, 1.674, 0.0, 0.99, 1.576, 1.863, 1.302, 0.405, 0.0, 0.259, 1.993, 1.242, 0.278, 0.503, 1.298, 1.632, 0.987, 1.606, 1.267, 0.682, 0.113, 0.05, 0.869, 0.523, 1.224, 2.375, 1.757, 0.022, 1.346, 0.43, 0.137, 1.266, 0.593, 0.0, 0.685, 1.153, 1.108, 1.22, 0.824, 1.001, 0.0, 1.047, 0.188, 1.305, 0.184, 0.0, 0.748, 0.0, 1.493, 2.501, 0.0, 0.683, 1.382, 0.896, 0.0, 0.512, 0.658, 0.398, 0.814, 1.022, 1.14, 0.0, 0.667, 1.315, 2.348, 0.048, 0.0, 0.595, 0.352, 0.0, 0.0, 0.0, 1.114, 0.0, 0.0, 0.0, 1.217, 0.2, 0.0, 0.645
0.3454157366732531, 0.40247486765025986, -1.9009541684392746, -1.7725962560907744
8.973247346684404
43, 46, 48, 50, 52, 56, 57, 58, 63, 64, 66, 80, 89, 91, 93, 96, 97, 103, 104, 108, 112, 116, 119
0.0, 0.0, 0.0, 0.0, 0.0, 0.0, 0.0, 0.0, 0.0, 0.0, 0.0, 0.0, 0.0, 0.0, 0.0, 0.0, 0.0, 0.0, 0.0, 0.0, 0.0, 0.0, 0.0, 0.0, 0.0, 0.0, 0.0, 0.0, 0.0, 0.0, 0.0, 0.0, 0.0, 0.0, 0.0, 0.0, 0.0, 0.0, 0.0, 0.0, 0.0, 0.0, 0.0, 0.169, 0.0, 0.0, 0.098, 0.0, 0.213, 0.0, 1.016, 0.0, 0.818, 0.0, 0.0, 0.0, 0.157, 1.023, 0.0, 0.0, 0.0, 0.0, 0.0, 1.399, 0.167, 0.0, 0.058, 0.0, 0.0, 0.0, 0.0, 0.0, 0.0, 0.0, 0.0, 0.0, 0.0, 0.0, 0.0, 0.0, 0.266, 0.0, 0.0, 0.0, 0.0, 0.0, 0.0, 0.0, 0.0, 0.768, 0.0, 0.175, 0.0, 0.731, 0.0, 0.0, 0.927, 0.782, 0.0, 0.0, 0.0, 0.0, 0.0, 0.923, 0.0, 0.0, 0.0, 0.0, 0.938, 0.0, 0.0, 0.0, 0.001, 0.0, 0.0, 0.0, 0.283, 0.0, 0.0, 0.333


C:0.8
0.050000000000000044
0.09999999999999998
0.046258538085542256, -0.5211827995531007, 1.0030446153124941, 0.4641297849669344
-1.4528444969775751
13, 31, 78
0.0, 0.0, 0.0, 0.0, 0.0, 0.0, 0.0, 0.0, 0.0, 0.0, 0.0, 0.0, 0.0, 0.0, 0.0, 0.0, 0.0, 0.0, 0.0, 0.0, 0.0, 0.0, 0.0, 0.0, 0.0, 0.0, 0.0, 0.0, 0.0, 0.0, 0.0, 0.0, 0.0, 0.0, 0.0, 0.0, 0.0, 0.0, 0.0, 0.0, 0.0, 0.0, 0.0, 0.0, 0.0, 0.0, 0.0, 0.0, 0.0, 0.0, 0.0, 0.0, 0.0, 0.0, 0.0, 0.0, 0.0, 0.0, 0.0, 0.0, 0.0, 0.0, 0.0, 0.0, 0.0, 0.0, 0.0, 0.0, 0.0, 0.0, 0.0, 0.0, 0.0, 0.0, 0.0, 0.0, 0.0, 0.0, 0.0, 0.0, 0.0, 0.0, 0.0, 0.0, 0.0, 0.0, 0.0, 0.0, 0.0, 0.0, 0.0, 0.0, 0.0, 0.0, 0.0, 0.0, 0.0, 0.0, 0.0, 0.0, 0.0, 0.0, 0.0, 0.0, 0.0, 0.0, 0.0, 0.0, 0.0, 0.0, 0.0, 0.0, 0.0, 0.0, 0.0, 0.0, 0.0, 0.0, 0.0, 0.0
0.4000964822346127, 1.9390647913342196, -0.906269452320311, 1.6223692996613623
-6.101531702459064
2, 3, 15, 19, 20, 24, 27, 28, 31, 35, 37, 41, 43, 44, 45, 46, 47, 48, 49, 50, 51, 52, 53, 54, 55, 56, 57, 58, 59, 60, 61, 62, 63, 64, 65, 66, 67, 68, 69, 70, 71, 72, 74, 75, 76, 77, 78, 79, 81, 82, 83, 84, 86, 88, 89, 91, 92, 93, 95, 96, 97, 98, 99, 100, 102, 103, 104, 105, 107, 108, 112, 116, 117, 119
0.0, 0.0, 0.47, 0.399, 0.0, 0.0, 0.0, 0.0, 0.0, 0.0, 0.0, 0.0, 0.0, 0.0, 0.0, 0.409, 0.0, 0.0, 0.0, 0.142, 0.296, 0.0, 0.0, 0.0, 0.327, 0.0, 0.0, 0.327, 0.378, 0.0, 0.0, 1.533, 0.0, 0.0, 0.0, 0.146, 0.0, 0.0, 0.0, 0.0, 0.0, 1.703, 0.0, 0.974, 1.609, 1.874, 1.312, 0.361, 0.0, 0.237, 2.034, 1.252, 0.26, 0.456, 1.294, 1.64, 0.97, 1.623, 1.278, 0.671, 0.094, 0.022, 0.867, 0.508, 1.232, 2.409, 1.764, 0.0, 1.35, 0.431, 0.1, 1.259, 0.582, 0.0, 0.677, 1.137, 1.105, 1.214, 0.852, 1.002, 0.0, 1.026, 0.141, 1.26, 0.08, 0.0, 0.748, 0.0, 1.501, 2.533, 0.0, 0.628, 1.419, 0.866, 0.0, 0.533, 0.621, 0.364, 0.78, 1.064, 1.157, 0.0, 0.617, 1.34, 2.423, 0.0, 0.0, 0.594, 0.314, 0.0, 0.0, 0.0, 1.085, 0.0, 0.0, 0.0, 1.182, 0.152, 0.0, 0.625
0.3777296554350551, 0.3944042311124223, -1.9249737902143456, -1.9762110159515403
9.216821107880163
43, 46, 48, 50, 52, 56, 57, 58, 63, 64, 65, 66, 80, 89, 91, 93, 96, 97, 103, 104, 108, 116, 119
0.0, 0.0, 0.0, 0.0, 0.0, 0.0, 0.0, 0.0, 0.0, 0.0, 0.0, 0.0, 0.0, 0.0, 0.0, 0.0, 0.0, 0.0, 0.0, 0.0, 0.0, 0.0, 0.0, 0.0, 0.0, 0.0, 0.0, 0.0, 0.0, 0.0, 0.0, 0.0, 0.0, 0.0, 0.0, 0.0, 0.0, 0.0, 0.0, 0.0, 0.0, 0.0, 0.0, 0.149, 0.0, 0.0, 0.111, 0.0, 0.2, 0.0, 1.09, 0.0, 0.814, 0.0, 0.0, 0.0, 0.117, 1.054, 0.0, 0.0, 0.0, 0.0, 0.0, 1.431, 0.187, 0.0, 0.041, 0.0, 0.0, 0.0, 0.0, 0.0, 0.0, 0.0, 0.0, 0.0, 0.0, 0.0, 0.0, 0.0, 0.164, 0.0, 0.0, 0.0, 0.0, 0.0, 0.0, 0.0, 0.0, 0.762, 0.0, 0.052, 0.0, 0.672, 0.0, 0.0, 0.866, 0.715, 0.0, 0.0, 0.0, 0.0, 0.0, 0.919, 0.0, 0.0, 0.0, 0.0, 0.869, 0.0, 0.0, 0.0, 0.0, 0.0, 0.0, 0.0, 0.203, 0.0, 0.0, 0.254


C:0.9
0.050000000000000044
0.06666666666666665
0.046258538085542256, -0.5211827995531007, 1.0030446153124941, 0.4641297849669344
-1.4528444969775751
13, 31, 78
0.0, 0.0, 0.0, 0.0, 0.0, 0.0, 0.0, 0.0, 0.0, 0.0, 0.0, 0.0, 0.0, 0.0, 0.0, 0.0, 0.0, 0.0, 0.0, 0.0, 0.0, 0.0, 0.0, 0.0, 0.0, 0.0, 0.0, 0.0, 0.0, 0.0, 0.0, 0.0, 0.0, 0.0, 0.0, 0.0, 0.0, 0.0, 0.0, 0.0, 0.0, 0.0, 0.0, 0.0, 0.0, 0.0, 0.0, 0.0, 0.0, 0.0, 0.0, 0.0, 0.0, 0.0, 0.0, 0.0, 0.0, 0.0, 0.0, 0.0, 0.0, 0.0, 0.0, 0.0, 0.0, 0.0, 0.0, 0.0, 0.0, 0.0, 0.0, 0.0, 0.0, 0.0, 0.0, 0.0, 0.0, 0.0, 0.0, 0.0, 0.0, 0.0, 0.0, 0.0, 0.0, 0.0, 0.0, 0.0, 0.0, 0.0, 0.0, 0.0, 0.0, 0.0, 0.0, 0.0, 0.0, 0.0, 0.0, 0.0, 0.0, 0.0, 0.0, 0.0, 0.0, 0.0, 0.0, 0.0, 0.0, 0.0, 0.0, 0.0, 0.0, 0.0, 0.0, 0.0, 0.0, 0.0, 0.0, 0.0
0.38375512720403115, 1.9397994276773272, -0.9289242998502409, 1.6972656763418694
-6.011946896738009
2, 3, 14, 15, 19, 20, 24, 27, 28, 31, 35, 37, 41, 43, 44, 45, 46, 47, 48, 49, 50, 51, 52, 53, 54, 55, 56, 57, 58, 59, 60, 61, 62, 63, 64, 65, 66, 68, 69, 70, 71, 72, 73, 74, 75, 76, 77, 78, 79, 81, 82, 83, 84, 86, 88, 89, 91, 92, 93, 95, 96, 97, 98, 99, 100, 102, 103, 104, 105, 107, 108, 112, 116, 117, 119
0.0, 0.0, 0.481, 0.394, 0.0, 0.0, 0.0, 0.0, 0.0, 0.0, 0.0, 0.0, 0.0, 0.0, 0.0, 0.421, 0.0, 0.0, 0.0, 0.148, 0.303, 0.0, 0.0, 0.0, 0.342, 0.0, 0.0, 0.342, 0.372, 0.0, 0.0, 1.522, 0.0, 0.0, 0.0, 0.142, 0.0, 0.0, 0.0, 0.0, 0.0, 1.716, 0.0, 0.965, 1.625, 1.861, 1.322, 0.34, 0.001, 0.231, 2.056, 1.251, 0.249, 0.431, 1.282, 1.629, 0.946, 1.619, 1.282, 0.665, 0.091, 0.014, 0.865, 0.506, 1.245, 2.421, 1.753, 0.0, 1.354, 0.439, 0.092, 1.251, 0.578, 0.0, 0.68, 1.13, 1.106, 1.205, 0.875, 1.005, 0.0, 1.017, 0.128, 1.225, 0.019, 0.0, 0.752, 0.0, 1.519, 2.541, 0.0, 0.589, 1.455, 0.853, 0.0, 0.56, 0.605, 0.348, 0.762, 1.102, 1.182, 0.0, 0.592, 1.354, 2.453, 0.0, 0.0, 0.597, 0.294, 0.0, 0.0, 0.0, 1.061, 0.0, 0.0, 0.0, 1.165, 0.134, 0.0, 0.611
0.36884540018824197, 0.3901804575494565, -1.9982521082054765, -2.155142498533598
9.943452479213608
43, 46, 48, 50, 52, 56, 57, 63, 64, 66, 80, 89, 91, 93, 96, 97, 103, 104, 108, 116, 119
0.0, 0.0, 0.0, 0.0, 0.0, 0.0, 0.0, 0.0, 0.0, 0.0, 0.0, 0.0, 0.0, 0.0, 0.0, 0.0, 0.0, 0.0, 0.0, 0.0, 0.0, 0.0, 0.0, 0.0, 0.0, 0.0, 0.0, 0.0, 0.0, 0.0, 0.0, 0.0, 0.0, 0.0, 0.0, 0.0, 0.0, 0.0, 0.0, 0.0, 0.0, 0.0, 0.0, 0.084, 0.0, 0.0, 0.045, 0.0, 0.136, 0.0, 1.103, 0.0, 0.782, 0.0, 0.0, 0.0, 0.065, 1.07, 0.0, 0.0, 0.0, 0.0, 0.0, 1.429, 0.119, 0.0, 0.0, 0.0, 0.0, 0.0, 0.0, 0.0, 0.0, 0.0, 0.0, 0.0, 0.0, 0.0, 0.0, 0.0, 0.088, 0.0, 0.0, 0.0, 0.0, 0.0, 0.0, 0.0, 0.0, 0.791, 0.0, 0.0, 0.0, 0.65, 0.0, 0.0, 0.852, 0.693, 0.0, 0.0, 0.0, 0.0, 0.0, 0.936, 0.0, 0.0, 0.0, 0.0, 0.856, 0.0, 0.0, 0.0, 0.0, 0.0, 0.0, 0.0, 0.157, 0.0, 0.0, 0.22


C:1.0
0.050000000000000044
0.06666666666666665
0.046258538085542256, -0.5211827995531007, 1.0030446153124941, 0.4641297849669344
-1.4528444969775751
13, 31, 78
0.0, 0.0, 0.0, 0.0, 0.0, 0.0, 0.0, 0.0, 0.0, 0.0, 0.0, 0.0, 0.0, 0.0, 0.0, 0.0, 0.0, 0.0, 0.0, 0.0, 0.0, 0.0, 0.0, 0.0, 0.0, 0.0, 0.0, 0.0, 0.0, 0.0, 0.0, 0.0, 0.0, 0.0, 0.0, 0.0, 0.0, 0.0, 0.0, 0.0, 0.0, 0.0, 0.0, 0.0, 0.0, 0.0, 0.0, 0.0, 0.0, 0.0, 0.0, 0.0, 0.0, 0.0, 0.0, 0.0, 0.0, 0.0, 0.0, 0.0, 0.0, 0.0, 0.0, 0.0, 0.0, 0.0, 0.0, 0.0, 0.0, 0.0, 0.0, 0.0, 0.0, 0.0, 0.0, 0.0, 0.0, 0.0, 0.0, 0.0, 0.0, 0.0, 0.0, 0.0, 0.0, 0.0, 0.0, 0.0, 0.0, 0.0, 0.0, 0.0, 0.0, 0.0, 0.0, 0.0, 0.0, 0.0, 0.0, 0.0, 0.0, 0.0, 0.0, 0.0, 0.0, 0.0, 0.0, 0.0, 0.0, 0.0, 0.0, 0.0, 0.0, 0.0, 0.0, 0.0, 0.0, 0.0, 0.0, 0.0
0.41222947723856684, 1.9282728817251211, -0.9914934898326369, 1.7806923790505362
-6.007068738775386
2, 3, 14, 15, 19, 20, 24, 27, 28, 31, 35, 41, 43, 44, 45, 46, 47, 48, 49, 50, 51, 52, 53, 54, 55, 56, 57, 58, 59, 60, 61, 62, 63, 64, 65, 66, 68, 69, 70, 71, 72, 74, 75, 76, 77, 78, 79, 81, 82, 83, 84, 86, 88, 89, 91, 92, 93, 95, 96, 97, 98, 99, 100, 102, 103, 104, 105, 107, 108, 112, 116, 117, 119
0.0, 0.0, 0.454, 0.362, 0.0, 0.0, 0.0, 0.0, 0.0, 0.0, 0.0, 0.0, 0.0, 0.0, 0.0, 0.391, 0.0, 0.0, 0.0, 0.129, 0.281, 0.0, 0.0, 0.0, 0.319, 0.0, 0.0, 0.319, 0.341, 0.0, 0.0, 1.472, 0.0, 0.0, 0.0, 0.097, 0.0, 0.0, 0.0, 0.0, 0.0, 1.717, 0.0, 0.932, 1.639, 1.863, 1.296, 0.306, 0.0, 0.214, 2.042, 1.256, 0.223, 0.384, 1.275, 1.629, 0.929, 1.609, 1.268, 0.667, 0.079, 0.0, 0.86, 0.465, 1.213, 2.41, 1.744, 0.0, 1.336, 0.43, 0.048, 1.224, 0.568, 0.0, 0.658, 1.1, 1.085, 1.192, 0.9, 0.992, 0.0, 1.034, 0.133, 1.233, 0.0, 0.0, 0.791, 0.0, 1.565, 2.578, 0.0, 0.596, 1.515, 0.857, 0.0, 0.612, 0.606, 0.361, 0.783, 1.156, 1.222, 0.0, 0.604, 1.396, 2.538, 0.001, 0.0, 0.639, 0.303, 0.0, 0.0, 0.0, 1.083, 0.0, 0.0, 0.0, 1.163, 0.137, 0.0, 0.641
0.34251092572072483, 0.33956824417965814, -2.0522147134948288, -2.222362477356281
10.631612459667224
43, 46, 48, 50, 52, 56, 57, 63, 64, 66, 80, 89, 91, 93, 96, 97, 103, 104, 108, 116, 119
0.0, 0.0, 0.0, 0.0, 0.0, 0.0, 0.0, 0.0, 0.0, 0.0, 0.0, 0.0, 0.0, 0.0, 0.0, 0.0, 0.0, 0.0, 0.0, 0.0, 0.0, 0.0, 0.0, 0.0, 0.0, 0.0, 0.0, 0.0, 0.0, 0.0, 0.0, 0.0, 0.0, 0.0, 0.0, 0.0, 0.0, 0.0, 0.0, 0.0, 0.0, 0.0, 0.0, 0.051, 0.0, 0.0, 0.0, 0.0, 0.066, 0.0, 1.112, 0.0, 0.751, 0.0, 0.0, 0.0, 0.05, 1.094, 0.0, 0.0, 0.0, 0.0, 0.0, 1.419, 0.069, 0.0, 0.0, 0.0, 0.0, 0.0, 0.0, 0.0, 0.0, 0.0, 0.0, 0.0, 0.0, 0.0, 0.0, 0.0, 0.034, 0.0, 0.0, 0.0, 0.0, 0.0, 0.0, 0.0, 0.0, 0.839, 0.0, 0.0, 0.0, 0.65, 0.0, 0.0, 0.855, 0.684, 0.0, 0.0, 0.0, 0.0, 0.0, 0.94, 0.0, 0.0, 0.0, 0.0, 0.854, 0.0, 0.0, 0.0, 0.0, 0.0, 0.0, 0.0, 0.155, 0.0, 0.0, 0.205


